LSU 314710;318240;319030;318800;322100 78815032;81372252;78815100;78809728;78808508 1224
SSU 585780;560000;553480;558400;561650 199861072;199828552;199860804;200882016;199858336 1387
PF00380.20 29240;28480;28590;28690;28150 5753736;5755124;5753528;5756560;5756448 129
PF00410.20 12130;11830;11780;11580;11440 2031440;2031668;2049312;2031268;2052896 129
PF00466.21 27200;26730;27640;27510;27060 5416560;5416040;5415940;5417204;5416720 168
PF01025.20 53970;54180;54340;54680;54140 10440456;10439172;10443528;10440948;10440668 162
PF02576.18 39670;38130;37440;38230;38230 6997364;6997544;6997720;6997980;6998256 144
PF03726.15 45900;45850;46070;45750;45860 9986428;9990656;9987100;9988808;9986948 680
TIGR00006 42340;43350;43670;43240;42680 7675896;7677700;7675948;7675960;7675484 296
TIGR00019 28470;27980;28300;28360;28000 5774728;5774308;5773996;5772660;5777596 354
TIGR00020 28290;27930;28010;27960;28340 5824136;5825700;5825240;5825008;5828372 326
TIGR00029 15880;15920;15980;15930;15790 3124208;3123800;3121076;3121332;3124096 87
TIGR00043 52120;51650;51730;51910;52140 10485728;10479340;10487596;10490876;10485772 125
TIGR00054 143670;142780;146360;144270;143080 40076408;41479552;40820840;40074920;40075668 281
TIGR00059 25410;25250;25210;25520;24940 5836696;5836768;5837452;5835960;5839496 115
TIGR00061 23550;23780;24470;23840;23540 5598960;5600300;5599480;5599232;5599192 103
TIGR00064 91540;93450;91780;92420;92500 18575696;18561172;18567792;18565256;18562808 293
TIGR00065 73290;71900;73640;72200;71840 12920276;12922068;12920224;12922068;12918388 339
TIGR00082 34890;34540;35020;34030;33930 6542780;6543032;6543092;6543068;6543320 112
TIGR00083 68310;67560;67280;67030;66660 12552396;12554312;12552236;12552880;12552984 289
TIGR00084 21930;20690;20040;20450;20040 3587908;3587436;3589180;3587504;3587060 186
TIGR00086 24050;24510;23580;23930;24180 4217600;4215952;4218156;4218132;4215564 149
TIGR00088 52850;52800;52890;52380;53580 11126700;11128796;11127604;11131152;11127804 224
TIGR00090 39860;40230;40280;39570;40090 7287624;7289192;7287948;7286876;7285512 112
TIGR00092 32640;33090;33040;33090;34130 5864304;5864388;5866436;5864540;5865344 361
TIGR00095 42230;43120;42450;42380;43070 7408116;7410672;7411148;7411868;7410628 174
TIGR00115 51830;51020;53240;51120;51510 10242188;10239296;10243400;10240964;10243268 405
TIGR00116 27750;27560;26570;26470;26530 6297012;6299356;6297952;6298032;6297696 269
TIGR00138 45710;45330;45590;45420;44930 9371388;9369196;9369652;9371552;9369780 190
TIGR00158 32820;31920;32660;32420;32050 6163316;6164324;6164812;6160336;6160284 146
TIGR00166 30110;29700;30530;30210;29610 5914720;5914636;5914804;5914440;5914648 95
TIGR00168 26410;25720;25970;26240;25950 5550180;5549588;5550916;5550248;5549364 156
TIGR00186 43900;44080;43620;44220;44400 9361208;9359244;9361004;9361792;9359908 239
TIGR00194 114000;114490;114390;114690;114540 31431452;31422352;31435680;31433208;31434536 518
TIGR00250 33340;33530;32130;33380;32190 6177660;6179428;6178240;6180048;6178100 134
TIGR00337 50900;50190;49830;50140;50230 9983832;9990688;9991236;9988832;9987388 530
TIGR00344 106660;105960;106860;107590;107190 19961400;19962276;19961012;19958480;19969780 800
TIGR00362 76270;77630;77390;77180;77080 13611404;13612164;13612176;13611980;13610804 415
TIGR00382 28250;27350;27820;27090;27160 5125152;5125452;5125284;5127372;5125480 408
TIGR00392 180010;179400;180520;178500;178120 49779336;49777668;49780220;49775812;49777900 718
TIGR00396 180820;181040;180760;181860;184020 50006364;50004164;50004352;50004060;50006276 673
TIGR00398 90120;91130;91060;91790;91730 18659860;18660300;18657816;18653428;18658080 456
TIGR00414 47700;46470;46950;46100;46320 11025612;11026880;11020924;11025308;11024544 415
TIGR00416 39630;39200;39830;38620;39630 6719336;6720884;6719048;6720064;6720504 441
TIGR00420 61780;61480;61620;61270;61130 11497512;11495712;11495716;11491272;11495360 323
TIGR00431 71500;70210;70440;69260;69490 12844356;12846596;12843784;12844572;12846416 253
TIGR00435 76110;76090;76020;76370;75810 13594628;13590812;13588268;13589604;13589136 424
TIGR00436 44980;44550;44290;44160;44220 9296820;9296672;9295372;9294972;9294600 289
TIGR00442 75790;73830;74510;75820;74760 13582408;13584108;13584788;13586208;13587064 367
TIGR00445 37560;37750;37400;37910;36960 6681220;6547184;6694104;6644788;6623832 340
TIGR00456 98390;100140;98550;98590;98570 18666392;18669888;18663048;18664660;18661676 450
TIGR00459 57830;58100;58000;58960;58670 10784676;10782072;10784828;10785536;10783516 571
TIGR00460 53400;53770;54820;53810;53050 10455512;10452900;10455524;10455040;10453896 302
TIGR00468 42280;42670;41840;42310;42830 7179588;7179948;7180048;7180256;7180012 337
TIGR00472 90570;91360;91410;89910;91340 18565904;18570504;18573032;18565380;18574536 728
TIGR00487 148420;150680;148740;149570;149270 41362072;42113736;41361380;41358812;41358732 609
TIGR00496 11890;10850;11190;10990;10780 2056600;2024968;1969792;2018416;2013056 185
TIGR00539 66880;65550;66320;65430;65090 11784248;11783432;11787144;11787824;11785732 343
TIGR00580 134560;133970;134580;135140;136310 38832392;38803416;38833524;38833832;38803408 866
TIGR00593 114130;117180;114750;114410;114770 21080028;21080996;21080348;21086948;21082872 793
TIGR00615 26120;26500;26150;26250;25870 6196416;6194800;6195856;6195468;6195780 196
TIGR00631 82560;83260;85410;83310;82270 18245056;18245052;18244712;18245184;18240592 640
TIGR00634 51590;51250;51420;51990;51010 9514048;9510004;9513544;9509108;9509964 539
TIGR00635 36720;37220;36920;35770;36720 6473916;6474240;6474420;6473664;6474484 336
TIGR00643 124060;122890;120540;118900;119530 36226436;34634360;34656056;34635984;36228796 602
TIGR00663 31950;32080;31890;31380;31640 5798976;5800012;5797376;5798108;5798164 350
TIGR00717 69910;70240;69660;70230;69070 15206640;15212024;15205924;15206912;15206672 427
TIGR00755 59870;58570;59890;58900;59020 11284028;11279896;11280092;11276704;11280708 241
TIGR00810 25850;26050;25910;25770;25640 6042420;6042600;6043988;6043180;6044616 70
TIGR00922 29200;29180;30690;28790;29300 5497940;5497752;5498756;5498716;5498556 174
TIGR00928 32200;32540;32320;32930;31740 5719256;5720052;5721156;5721044;5719308 414
TIGR00959 34020;34230;34120;34280;33550 6002788;6000772;6003844;6002040;6003132 433
TIGR00963 149000;147970;148350;147920;147570 39543552;39542080;39539900;39527640;39542424 743
TIGR00964 36790;37100;37040;36960;36740 6375072;6376452;6374756;6375828;6376768 60
TIGR00967 28870;28880;28760;28510;28170 5469328;5471512;5473348;5471872;5473144 405
TIGR01009 31120;30950;31060;30540;31270 5801656;5801404;5801476;5801072;5802144 215
TIGR01011 56850;56420;56300;56230;55280 10732384;10733520;10731632;10732828;10730872 238
TIGR01017 12740;12070;12320;12210;12270 2040832;2039904;2040492;2040420;2040652 196
TIGR01021 27830;28790;27720;27650;27410 5376452;5378864;5376940;5375892;5378728 163
TIGR01029 7470;7190;7030;7090;7480 1160508;1158792;1160400;1157800;1156908 156
TIGR01032 13180;13260;13220;12960;13070 3371116;3375564;3374928;3374756;3375504 118
TIGR01039 26730;26790;27600;26340;26420 4935380;4937992;4937692;4935316;4936528 463
TIGR01044 20220;20230;20210;19800;19590 3614580;3612944;3613844;3615172;3616036 111
TIGR01059 66070;66400;67040;66330;66630 11801788;11821316;11851556;11866492;11784100 635
TIGR01063 83020;83910;84150;84330;83790 17436952;17440564;17436640;17438704;17436936 801
TIGR01066 20540;20540;20640;20550;21280 3585256;3582940;3583500;3585136;3584232 143
TIGR01071 20550;20580;20710;21170;21120 3984144;3992180;3930632;3978908;4026304 144
TIGR01079 13940;13410;13160;13420;13540 2381460;2384324;2384008;2383916;2384160 104
TIGR01082 96310;96390;94820;94940;94800 18080052;18080204;18081696;18082500;18081036 409
TIGR01087 103680;104090;104910;103830;103160 20103408;20108480;20101088;20100676;20103204 359
TIGR01128 55830;56290;56070;56520;56810 10612716;10614840;10611600;10615084;10612116 274
TIGR01146 25330;25070;25740;25080;25070 4860156;4858928;4859700;4858620;4856792 283
TIGR01164 8290;8230;8200;8080;8070 1680712;1679324;1678440;1679024;1678784 135
TIGR01169 19700;19610;19450;19530;19540 3354796;3358276;3356160;3356536;3357276 229
TIGR01171 12790;11750;11790;11760;11770 2067320;2040732;2068336;2103780;2040184 275
TIGR01302 28400;28570;28440;28570;28580 5083484;5079920;5083504;5081688;5081724 480
TIGR01391 112560;111530;112930;112180;114090 20903964;20907904;20904548;20916300;20911420 470
TIGR01393 55230;54630;54600;54380;54540 10247252;10247964;10247720;10248384;10250188 596
TIGR01394 31710;32000;31990;32050;31790 5822080;5828356;5822260;5822008;5820600 599
TIGR01510 27970;28330;28040;27840;28070 5528588;5524672;5527648;5528472;5528080 160
TIGR01632 7000;6630;6590;6580;6700 1096400;1095340;1095776;1094776;1097436 140
TIGR01951 60360;60480;61150;60640;61390 11724632;11723108;11724324;11724220;11726888 129
TIGR01953 62170;62840;62080;61590;61720 11679124;11673240;11679448;11673880;11673596 347
TIGR02012 46110;46420;45950;45960;45930 11060012;11059524;11060968;11060716;11063808 334
TIGR02013 157680;157050;155330;157150;157350 48498108;48495836;48496960;48493700;48496184 941
TIGR02027 29540;29240;29180;29350;28740 5473496;5472492;5469960;5472976;5472932 299
TIGR02075 20260;20210;20270;20490;20450 3578968;3578832;3579208;3576996;3577000 237
TIGR02191 48470;48880;48500;48240;48040 9947884;9949916;9949140;9949184;9947780 213
TIGR02273 27250;28720;26940;28250;26480 5081380;5079064;5080092;5079252;5082524 156
TIGR02350 24900;25070;24890;25020;24710 5026264;5025864;5025992;5026580;5026588 620
TIGR02386 172870;172120;173740;172440;173170 49620100;49622164;49622400;49621172;49620448 949
TIGR02397 158880;154960;156740;157060;155720 46197600;44631036;44630352;44629884;44628048 372
TIGR02432 114700;112740;113970;115630;112150 31737960;31733944;31728908;32416080;31763748 228
TIGR02729 57460;56970;57200;57170;56750 11207344;11211756;11208040;11205572;11206520 326
TIGR03263 33650;32250;31730;31460;31370 5926424;5930040;5929368;5928560;5928388 191
TIGR03594 68660;68880;71530;68690;68460 12654924;12652592;12654160;12652352;12652212 418
TIGR03625 25840;25490;25210;25270;25350 5214308;5215312;5216628;5213636;5215376 206
TIGR03632 13240;12710;12840;12700;12780 2177960;2176552;2177316;2177016;2177032 127
TIGR03654 10200;10160;10170;10030;9950 1846192;1905548;1835380;1847824;1878716 177
TIGR03723 69100;68460;69580;69720;69540 12655172;12655296;12653148;12655340;12655396 320
TIGR03725 66430;67930;66730;66640;66950 12389504;12378344;12448892;12395116;12363372 167
TIGR03953 26060;25860;26030;25740;25580 5472624;5471112;5471652;5475216;5470864 204
