LSU 3350370;3336320;3347260;3683000;3319230 181578876;181578560;181578584;181578540;181578456 26278
SSU 6449000;6456000;6438000;6452000;6551000 324595480;324592960;324591072;324592500;324591824 15084
PF00380.20 407030;404830;404220;404440;404150 15491540;15490764;15490636;15490984;15490736 3922
PF00410.20 163100;157150;156330;156950;157340 6416612;6416628;6416616;6416408;6416420 1317
PF00466.21 413440;410200;408590;410410;410160 15737068;15737220;15737320;15737364;15737296 4582
PF01025.20 595900;591120;592290;600760;593270 31940352;31935456;31937412;31937248;31936320 8981
PF02576.18 577800;577040;577070;580910;579900 22075472;22075300;22075400;22075516;22075196 6633
PF03726.15 547960;548020;546020;550160;551930 29054408;29054664;29058656;29054584;29058648 8630
TIGR00006 458880;455220;455910;456340;455560 24337976;24338168;24337996;24338168;24338252 7373
TIGR00019 277450;280350;278100;278280;277840 15542076;15542252;15542344;15542216;15542296 2815
TIGR00020 282010;281820;281590;283090;282120 15703416;15702208;15702456;15703260;15703200 2672
TIGR00029 238250;235190;237870;238830;237620 9290984;9290924;9290920;9290712;9291004 2344
TIGR00043 806480;813790;811870;814780;813220 30698116;30698044;30698148;30698284;30702640 8398
TIGR00054 1515980;1516520;1536500;1531350;1522070 80462084;80462256;80462064;80462208;80462136 25345
TIGR00059 476620;475170;477590;488340;474720 17855360;17855652;17859796;17855756;17855608 5645
TIGR00061 394850;395110;396930;395670;396030 14976280;14976256;14976548;14976420;14976316 4460
TIGR00064 1017650;1018400;1019340;1017080;1015720 54026792;54011580;54011572;54026784;54026528 17832
TIGR00065 793930;791380;786260;791030;790040 40826416;40826320;40826240;40826380;40829404 16888
TIGR00082 548130;549690;551550;550070;550450 20723408;20724352;20724416;20724516;20724456 5132
TIGR00083 733530;738300;737690;737790;741230 39667956;39665824;39665660;39665848;39666036 12408
TIGR00084 208470;209560;209520;209180;209440 11302768;11301920;11301948;11301784;11301944 3135
TIGR00086 342620;342580;343120;341770;341930 13308260;13308548;13308564;13308340;13308468 2173
TIGR00088 614280;613070;613440;613180;615290 32606444;32606532;32603496;32602596;32602504 9859
TIGR00090 613300;613990;613780;614420;613630 23115420;23115472;23115364;23115584;23115492 7350
TIGR00092 326210;327250;325800;326350;328650 17920416;17920296;17920236;17920292;17919192 3721
TIGR00095 630120;635290;631460;630670;628320 23491764;23491004;23490848;23491852;23490700 7367
TIGR00115 571630;571690;571570;569740;568200 29897812;29901992;29897988;29897944;29897776 11359
TIGR00116 273490;275520;271410;273550;276520 14747880;14747868;14746004;14746196;14745904 4050
TIGR00138 465330;461720;461320;462370;461690 24593580;24593240;24593752;24593784;24598752 8932
TIGR00158 494680;493130;491820;492480;492400 18847168;18847064;18847060;18846888;18846912 4076
TIGR00166 462470;464230;463560;459660;464000 17348972;17349116;17348908;17349180;17349424 5433
TIGR00168 431170;433570;431750;430760;429310 16164552;16164540;16168728;16164528;16164640 5565
TIGR00186 461270;455490;455240;457990;457060 24563628;24563564;24567848;24563572;24563700 9176
TIGR00194 1253160;1258230;1256140;1260140;1265580 67492316;67492264;67492416;67492316;67492392 18660
TIGR00250 508840;508980;510910;514420;521580 19320784;19320852;19320728;19320832;19320876 4894
TIGR00337 532020;538560;533520;532120;533480 29104460;29104456;29104504;29104348;29104460 6212
TIGR00344 1127360;1119270;1131090;1127710;1118570 60705828;60705784;60705744;60705936;60705964 15671
TIGR00362 819650;816500;818190;820260;1041410 43355560;43355552;43355552;43355336;43355588 14091
TIGR00382 270610;271430;271650;274710;273550 14817896;14818096;14818060;14817968;14817888 5422
TIGR00392 1869430;1863100;1878350;1864130;1870260 100112172;100112280;100112244;100112040;100112120 26859
TIGR00396 1875700;1891050;1874900;1878230;1959200 101897528;101897716;101897584;101901912;101897820 24415
TIGR00398 920140;920250;918540;918750;912430 50124016;50128000;50122892;50124004;50123956 12227
TIGR00414 464010;463840;462200;462760;463500 25453168;25453208;25453108;25453204;25453184 5367
TIGR00416 391010;392790;394490;392860;393090 21258076;21258192;21258316;21258300;21258052 7002
TIGR00420 669770;665580;669620;668180;665840 35890472;35890568;35890524;35890368;35889508 9858
TIGR00431 768690;770720;762180;766180;767860 40636656;40636492;40636604;40636468;40636484 12766
TIGR00435 800140;799170;809550;798190;800130 43133376;43133244;43133344;43133324;43133428 11480
TIGR00436 456440;456750;456450;454790;454910 24404172;24404140;24403944;24404000;24404104 7965
TIGR00442 798250;804800;801480;798360;817460 42974152;42978304;42973952;42974228;42978344 11096
TIGR00445 389200;389700;389870;388210;388970 20727152;20723196;20723128;20723072;20723128 6447
TIGR00456 1004270;1003830;1003040;1005490;1005330 54499080;54500060;54498952;54498976;54500044 13751
TIGR00459 611320;612850;612010;635770;606880 33089380;33089188;33089436;33089140;33089224 8085
TIGR00460 569290;568180;565680;570810;568150 30552632;30548508;30548628;30549720;30548600 8167
TIGR00468 460190;418260;418370;417740;418100 22748520;22748596;22748416;22748556;22748492 5058
TIGR00472 925810;924220;925010;961400;924940 49646220;49646216;49646236;49646364;49646136 14459
TIGR00487 1629140;1620380;1615730;1627020;1631100 85750552;85746652;85746660;85746340;85746268 27893
TIGR00496 138360;138790;138110;138410;138720 5699996;5699880;5699840;5699956;5699912 1106
TIGR00539 703030;708040;704530;704190;713640 37551876;37555976;37551816;37551940;37551868 12404
TIGR00580 1448450;1432970;1443290;1432010;1446180 75904080;75904136;75904192;75904128;75904084 24511
TIGR00593 1233940;1229980;1237370;1232620;1232750 65533980;65533812;65533824;65533828;65533840 18850
TIGR00615 362540;355730;356020;355660;356950 14422100;14422368;14422264;14422188;14418208 2801
TIGR00631 895050;895110;892720;897730;895050 48569956;48565732;48565752;48565720;48565728 11635
TIGR00634 538930;538670;538410;540330;543750 28935464;28934564;28934296;28938444;28935516 8639
TIGR00635 374330;378100;378620;373790;377020 20428156;20428292;20428120;20428120;20428112 4993
TIGR00643 1298450;1297060;1314280;1306860;1311690 68563240;68563376;68567560;68567300;68563284 22020
TIGR00663 328180;331080;331260;331350;328420 17699896;17699908;17703928;17703924;17699888 5252
TIGR00717 733000;733520;733840;733180;732990 38822848;38826836;38822744;38822772;38822660 16294
TIGR00755 641300;641030;641810;643960;643900 34468776;34468784;34468876;34468692;34468712 9687
TIGR00810 477410;477160;477750;477290;478040 17760536;17760600;17760692;17760688;17761476 5921
TIGR00922 429630;426910;434230;426530;426750 16012720;16012664;16012592;16016768;16012648 5785
TIGR00928 330780;331450;331460;332850;331120 18044300;18044292;18044260;18044344;18044268 4670
TIGR00959 350870;351790;350560;350360;350820 18724772;18724644;18724764;18724848;18724808 5657
TIGR00963 1622130;1619720;1620460;1620190;1617900 85364904;85360924;85361000;85360088;85360040 26953
TIGR00964 549920;547220;549710;548380;546210 20144712;20144656;20143684;20143640;20143664 8565
TIGR00967 296280;297150;297150;297590;295010 15896940;15891800;15892848;15892724;15892976 4678
TIGR01009 334870;329100;333670;334040;333650 17731116;17729856;17730004;17731028;17730940 6220
TIGR01011 605120;607970;607480;607970;602890 32740160;32740100;32740176;32740364;32740276 9233
TIGR01017 117190;117590;117600;117390;117400 6502900;6502888;6508028;6502864;6502948 1649
TIGR01021 422490;415490;424910;418980;420580 15616648;15616840;15616856;15616884;15616816 5161
TIGR01029 91670;91800;91850;92110;91890 3557856;3557940;3558096;3558024;3558132 1137
TIGR01032 193890;193550;194260;195090;193510 7844648;7848960;7844832;7844872;7844768 1969
TIGR01039 255320;254030;255550;257610;256000 14207616;14207468;14207636;14207576;14207616 3763
TIGR01044 302170;305360;302090;301960;301850 11338556;11338852;11339692;11338692;11338784 4344
TIGR01059 693440;692780;691810;685340;684930 37177648;37177680;37177616;37177716;37177596 9914
TIGR01063 857750;864800;853880;859950;855180 45721916;45725008;45721888;45720824;45720896 14128
TIGR01066 294960;294460;295130;295370;294750 11296976;11296952;11296992;11296960;11297108 2772
TIGR01071 329500;323820;323340;324050;324560 12132780;12132688;12132636;12132752;12132872 4209
TIGR01079 194210;194320;193930;194910;195220 7482288;7481988;7482192;7482284;7482276 2422
TIGR01082 1030420;1029220;1030470;1041220;1052230 55320368;55322436;55317460;55318220;55316580 16128
TIGR01087 1138830;1139920;1140000;1137810;1146210 61391240;61387144;61391292;61387180;61387148 16238
TIGR01128 613570;616970;616250;610530;611600 32383312;32383152;32383384;32383232;32383192 10775
TIGR01146 259820;257750;259140;257830;259310 13917196;13917132;13917164;13920252;13917360 5256
TIGR01164 110230;110600;110900;111660;110220 4473060;4472988;4473116;4473048;4473312 1203
TIGR01169 192710;192250;194570;192300;192300 10534828;10534724;10534660;10538940;10534852 2727
TIGR01171 115990;113740;113610;112720;114130 6370024;6370016;6370088;6370024;6370180 1179
TIGR01302 278930;279350;279130;281950;278210 15387348;15387472;15387244;15387388;15387376 4487
TIGR01391 1235040;1225390;1225430;1299930;1223740 64830228;64830240;64834428;64830096;64833264 19705
TIGR01393 538590;536700;538570;538210;539340 29859704;29860708;29860708;29860752;29860664 4696
TIGR01394 328850;324380;324080;324850;324510 17764580;17765824;17765764;17765900;17765600 3987
TIGR01510 437680;429220;428780;428660;427060 16074992;16073860;16073916;16073864;16074084 5191
TIGR01632 84560;84680;85120;84700;84630 3335792;3335728;3335904;3336032;3339908 1044
TIGR01951 992050;989570;998220;994100;999520 36863852;36863316;36863356;36863980;36868004 10251
TIGR01953 677000;677130;680910;677190;678950 35835168;35835280;35836152;35835296;35836172 12147
TIGR02012 473520;476310;473600;474600;502620 25571428;25571304;25571512;25571580;25571380 6581
TIGR02013 1697780;1701020;1701660;1697530;1702790 91876980;91881056;91877808;91876888;91876912 25980
TIGR02027 297130;297090;296690;294290;296770 15909992;15910028;15910012;15910024;15909956 4700
TIGR02075 205170;206380;206240;206770;209120 11247640;11241208;11241520;11241548;11241508 2555
TIGR02191 550360;552750;548020;543920;543720 28908524;28908400;28908440;28908656;28908436 9388
TIGR02273 405550;406700;405030;405630;406150 15374984;15379048;15375096;15375192;15375084 5627
TIGR02350 241130;240930;242290;241150;239170 13126392;13130552;13126320;13126368;13126264 3609
TIGR02386 1870130;1882170;1867780;1870880;1869520 99739612;99739152;99739740;99738564;99743260 32252
TIGR02397 1719540;1720720;1717840;1705110;1719950 90217868;90217868;90217660;90217616;90217828 30628
TIGR02432 1286170;1279240;1280370;1284500;1276950 66266956;66262760;66266848;66262692;66263884 24849
TIGR02729 720050;637270;635300;634120;636180 34334268;34334328;34334148;34334344;34334228 9302
TIGR03263 343590;340720;343190;343510;345340 18458016;18457092;18457184;18456892;18458192 5019
TIGR03594 748870;748500;750220;750050;750200 40153476;40151268;40151272;40151444;40151332 10933
TIGR03625 281310;280770;281490;280360;281940 15109068;15110040;15107900;15107852;15108884 4771
TIGR03632 179830;178690;178370;178300;178150 6879712;6880468;6880608;6879468;6880588 1866
TIGR03654 140960;140930;140470;140750;140700 5531812;5531632;5531784;5531564;5531684 1357
TIGR03723 743310;744450;741130;748910;742270 40035108;40031096;40035188;40034992;40034928 10386
TIGR03725 745000;747680;741710;741790;739270 39207428;39208424;39207428;39207504;39208336 13413
TIGR03953 273330;273700;273490;272960;273420 14554288;14554200;14554188;14554232;14558308 4894
