LSU 630500;660220;654550;631930;652080 31671648;31672776;31672112;31677200;31695728 2030
PF00380.20 35930;36600;34480;36810;34670 6635280;5416448;5406520;6682984;5678400 7
PF00410.20 14850;14790;14450;14190;18350 2839276;2839916;2842508;2815908;2821568 38
PF00466.21 33600;38130;35570;34660;35700 6270688;5487676;6742956;5358860;6042292 10
PF01025.20 78210;69410;69280;68540;85130 10914748;10635504;11446304;11183544;10300652 0
PF02576.18 52230;46960;53240;45360;52040 8553400;8680876;8279108;9673016;8861316 9
PF03726.15 76670;77030;82020;79270;74360 11397236;10895748;9731532;8799632;10461596 198
TIGR00006 58670;53610;55070;49160;54010 8230252;8637172;8839964;7599076;7647864 28
TIGR00019 38310;38620;38410;37230;41670 5555360;5265972;6556420;6571996;5472464 104
TIGR00020 38740;36930;37410;41300;35710 5648564;5953032;5622412;6775000;6896524 109
TIGR00029 19210;18630;19760;18510;19490 3960040;3922572;3950428;3929424;3966176 0
TIGR00043 71590;65640;82070;74540;87570 10884804;10777416;11224240;10093004;9194184 3
TIGR00054 275040;266910;279000;267220;278630 18439784;15882568;18404772;17760220;18565568 9
TIGR00059 40660;36190;37880;42020;35020 7056520;7097096;7256140;7093764;7236492 17
TIGR00061 30970;30850;32040;31540;34590 5595340;6293464;5703912;5627508;6360516 0
TIGR00064 159280;168950;176770;168860;171630 14464508;16020332;13617744;15257528;14626888 90
TIGR00065 100460;98060;106440;106630;93360 11052316;12545912;12422880;11634192;11955908 96
TIGR00082 47150;43680;45510;42520;45080 7529328;7847260;7763040;7340704;7567840 15
TIGR00083 96870;107960;91730;93340;136710 12432212;11809676;11535524;12416548;12052196 3
TIGR00084 23420;24190;23470;23620;24250 4267324;4200776;4341696;4241228;4233456 29
TIGR00086 29180;30950;31080;30620;30770 5635140;5413872;5367144;5287264;5403772 31
TIGR00088 76460;85460;78270;79640;70570 11416912;11143668;11634644;10660024;11637408 33
TIGR00090 52610;47950;59970;53060;48040 7922376;8574868;7867532;8502148;8733996 22
TIGR00092 40230;36480;38640;38840;43100 6394276;6107124;7035788;7244960;7070096 32
TIGR00095 53050;60830;53470;57520;54020 7968424;7723684;7290692;7988396;8680552 24
TIGR00115 77760;77780;74570;70470;76100 10708456;11187832;10015148;9433988;11599572 9
TIGR00116 30700;31550;30970;33430;33340 5546288;5815392;5620700;5456784;6137584 26
TIGR00138 64580;58370;81800;89190;69970 7984896;9378608;8319652;9943932;9851680 15
TIGR00158 40570;38040;41140;47150;42710 7171496;7186160;6973964;7331724;7658780 15
TIGR00166 36990;45160;40830;45240;40680 6124448;5969972;6044792;5896256;6739612 0
TIGR00168 44750;48880;44760;47800;46000 6692468;5604636;5710244;5599420;5718480 39
TIGR00186 67660;65080;89930;91930;90420 8525856;8141868;9464532;9686856;9796656 69
TIGR00194 230970;218930;226990;214470;227410 16964372;18001420;16406592;16462884;15926080 59
TIGR00250 42080;49830;48940;55230;52250 7624808;6184696;7117408;6105160;7165228 8
TIGR00337 67220;79260;68850;73080;71760 9135860;10674680;10475820;10123488;10582996 162
TIGR00344 198170;202650;196600;188950;198480 15342224;15050096;15508656;14887748;14879168 148
TIGR00362 137550;138190;139010;110940;135260 13148108;13255500;12157668;12634320;13353420 71
TIGR00382 29330;29310;29910;32010;30580 6087476;6118456;6159236;5801896;6030536 171
TIGR00392 352670;317090;355480;356500;355760 21510536;21041144;21843216;21659640;18495480 217
TIGR00396 368020;369570;372270;364720;361440 19528568;20269684;18982688;20037740;19983060 98
TIGR00398 158840;168680;153110;147110;157720 13474176;12768400;14129132;13106232;14937788 75
TIGR00414 65170;60600;63660;60880;66590 8471276;8370508;8393716;8721996;8383124 91
TIGR00416 46890;47240;47750;47450;44390 7668456;6983216;8190828;7868648;7124088 144
TIGR00420 89320;81360;103520;107440;109250 10149540;11409868;12193092;11150464;12039548 42
TIGR00431 115870;108310;103180;91380;110490 13483476;12289396;11709512;12434560;12078196 31
TIGR00435 133660;107320;108700;107010;105500 13826568;12434876;13859508;11708336;12089588 81
TIGR00436 58950;54960;55620;62490;53330 8587936;9843492;8534668;9861604;8965024 42
TIGR00442 99250;112230;102630;99750;112390 11830256;12093452;12969940;12972792;11942280 64
TIGR00445 48430;45050;52450;46160;43760 7752196;7857892;7666756;7684632;7777980 39
TIGR00456 157180;166240;176830;171730;169680 16825244;14989900;13606752;13452168;13638532 53
TIGR00459 76270;85680;73910;79040;89840 10864572;11462212;10453840;11630892;11163160 103
TIGR00460 102970;87450;76260;110060;110900 10890756;10014204;11210148;11697024;11295272 41
TIGR00468 54310;52340;54090;52610;52450 8415616;8603684;8236616;7896024;7766876 73
TIGR00472 151810;128280;152560;152570;143040 12788344;13437720;13640280;14155840;14302256 44
TIGR00487 292280;297210;283410;304360;286090 18680696;18821560;19857604;16579868;18295344 135
TIGR00496 12600;12400;12450;12750;13020 2346000;2309132;2339556;2292856;2330832 55
TIGR00539 102200;95820;104670;88070;102430 11557296;11973672;11750224;11695104;11130572 33
TIGR00580 256220;259270;257850;257690;255970 16807848;17482072;17141216;17286960;17025404 230
TIGR00593 203750;207620;189870;178040;222900 17004364;16724572;15747940;16289344;15992772 133
TIGR00615 29130;30800;34740;29710;31910 5619320;5517040;5537684;5528556;5521008 46
TIGR00631 153030;142710;136240;156060;148880 13635776;13422612;13108012;11809184;13545868 236
TIGR00634 89560;104480;100470;88340;103170 10468232;10342196;9593532;10714064;8779444 56
TIGR00635 53340;45340;55130;43750;51100 7131652;7756320;6670264;6879080;7232452 110
TIGR00643 222990;219210;227930;220840;216250 18208444;17132844;17631068;15444204;15628704 89
TIGR00663 37370;40490;38870;41130;38360 6032108;7112244;6898188;6992260;6174100 25
TIGR00717 145410;144440;144070;140010;142770 10861828;11424720;10536760;10552304;11084852 110
TIGR00755 94600;81770;79450;79440;89550 12072616;9727088;9629892;11684108;10446768 45
TIGR00810 40690;41840;37010;44790;40590 7203332;7087564;6805760;7413284;7198868 0
TIGR00922 35640;38240;48260;35920;36240 6991976;6939976;5782052;6914120;6669776 15
TIGR00928 35530;37950;35100;40710;36330 7035148;6943360;6935284;6716764;6860160 204
TIGR00959 39150;54790;41620;50150;40870 6921200;7311528;6821536;7501256;6970212 194
TIGR00963 300320;279570;287050;284690;296230 18242112;18843120;18219720;20469548;20440868 266
TIGR00964 42080;47680;44220;43920;44190 7359148;7184064;7595832;7589776;7542856 0
TIGR00967 35210;36750;43690;36110;37030 6593880;6759016;6916440;5662788;5778092 101
TIGR01009 38550;41270;36320;36890;40010 6965004;6998080;7165096;6852608;6895308 53
TIGR01011 80960;87210;86760;81220;73370 11690160;10045036;11216736;9030604;10491616 67
TIGR01017 16210;16100;15180;15860;17800 2909660;2926476;2922860;2922972;2856024 38
TIGR01021 32760;33170;35710;32580;37920 6336920;6525380;6572712;5618252;5397020 78
TIGR01029 7950;7820;8190;8270;7880 1794472;1804160;1809596;1813480;1790948 59
TIGR01032 20120;20140;18340;18910;18420 3287948;3791728;3751988;3813176;3742036 34
TIGR01039 28120;30350;26800;32310;27040 6012700;5248620;5770508;5214028;5438952 201
TIGR01044 21020;21930;21760;22620;24630 4327540;4392784;4420488;4371012;4365864 19
TIGR01059 95300;96100;103710;82600;83260 11044252;12927352;11229816;11806700;10385856 298
TIGR01063 135080;129350;118830;127880;118330 12376380;13707916;12904452;13021272;13392368 282
TIGR01066 26860;30230;25800;26040;25050 4257844;4249368;4140740;4123844;4169208 22
TIGR01071 26080;25020;23670;25410;26760 4490908;4547636;4462932;4426932;4413912 0
TIGR01079 17530;18410;17440;18240;17940 3707852;3726652;3715876;3737528;3724244 9
TIGR01082 178630;156130;160240;178820;173250 14743120;13999196;13658024;14633864;13519452 51
TIGR01087 197210;196010;193120;183060;183880 14881224;16496084;15556988;16182152;15820432 29
TIGR01128 91030;86840;93090;96000;82150 9344900;11517444;10956228;10984424;9707632 0
TIGR01146 31160;27470;28740;28950;31650 5724640;5331788;5780796;5966292;5250204 29
TIGR01164 9140;9730;9440;8750;9370 2007180;1971464;2014808;2003824;1982872 42
TIGR01169 19680;20350;19720;20450;19970 4126936;4163100;4233028;4189216;3977376 47
TIGR01171 14400;14410;14280;13970;15170 2829224;2852928;2815940;2837284;2833832 81
TIGR01302 35340;33830;39580;34380;29550 5228112;6281740;6235152;6311104;6354404 170
TIGR01391 195720;207370;204990;210610;202850 16250248;15262752;16309088;15450428;16587200 23
TIGR01393 65310;62380;70100;79050;73230 9847368;11235616;9115348;11462868;8968352 207
TIGR01394 38480;41570;47770;40030;39010 7107596;6824024;7083780;7066664;6728608 231
TIGR01510 36290;34900;40970;46760;33890 6261076;6131356;5525788;6972948;5748500 17
TIGR01632 6700;7840;7630;7320;7470 1797380;1799252;1710540;1796808;1803068 51
TIGR01951 104240;103950;102910;102830;102800 12084888;10823868;13438528;12264568;10841832 12
TIGR01953 99660;87430;88670;82960;95920 10876064;11539484;12218680;11485536;10728700 78
TIGR02012 71570;68740;67840;57730;58010 9339232;9787216;7877124;10328108;9819040 99
TIGR02013 301330;310170;319080;325500;309150 19904116;20429376;18554400;17379352;19316772 372
TIGR02027 41700;40570;41000;36320;37150 5580996;5508628;5508224;6791420;5857300 67
TIGR02075 22740;21380;21970;25960;22440 4325128;4416624;4331924;4298816;4425708 80
TIGR02191 69260;63010;70420;62970;60970 10399284;9551204;8709084;9079272;10549976 39
TIGR02273 32990;34110;31460;31980;32070 6475896;6206788;6600864;6080872;6321340 4
TIGR02350 31300;28470;28600;28000;28360 5211216;5082120;5073768;5060052;5063392 266
TIGR02386 344950;343580;365810;348540;346960 20440340;20453856;21418940;18805856;19983268 383
TIGR02397 342990;334990;321630;324220;321010 17823720;18529152;19986188;19352764;19445480 56
TIGR02432 214570;218930;214460;212030;217060 17262084;16926944;15511476;15709512;16886728 14
TIGR02729 79490;72700;95420;86960;92560 9600904;11089104;10256700;10696968;10329324 83
TIGR03263 40960;44160;43150;44450;44480 7068892;7109476;6800092;7218672;6895424 13
TIGR03594 92850;109750;99220;106730;108720 11588936;11553072;11687392;11265836;12623852 81
TIGR03625 36860;35050;36990;37640;33460 6186676;5635468;5534968;5588908;6249556 23
TIGR03632 13630;13690;14420;13660;14240 3291836;3263412;3298160;3228064;3272536 46
TIGR03654 11230;11210;11540;11570;12010 2317716;2216244;2230352;2199784;2220772 45
TIGR03723 133070;103240;129200;126630;130450 11972716;12434972;11511276;11653368;11371832 108
TIGR03725 109860;106780;97760;101780;110540 12820928;11308576;13528764;11307476;13030256 6
TIGR03953 33330;30960;29510;30160;33590 5651240;6221968;5431976;5954628;5429888 24
