LSU 1527480;1529110;1536760;1538570;1520960 27977632;27977448;27977680;27977656;27977440 443
SSU 6750000;6725000;6164000;6256000;6505000 50141364;50141320;50141352;50141320;50141308 0
PF00380.20 177690;179480;180680;179630;180050 2431836;2431832;2431856;2432080;2432188 0
PF00410.20 69620;69680;70510;68600;66970 1014808;1014820;1014820;1014816;1014880 0
PF00466.21 188200;187700;189290;182730;185270 2463924;2463944;2464240;2464100;2464128 0
PF01025.20 396060;394110;397530;401280;398460 4957536;4957532;4957488;4957440;4957384 0
PF02576.18 261810;265720;262780;263070;285240 3435828;3436028;3435984;3435912;3435784 0
PF03726.15 355870;365510;360920;384340;385110 4515308;4515344;4515388;4515036;4515012 61
TIGR00006 298580;296700;297370;315580;296620 3791340;3791460;3791328;3791356;3791304 14
TIGR00019 206760;193310;205940;206880;204340 2437120;2437120;2437132;2437164;2437196 56
TIGR00020 231480;213390;219660;194180;190600 2463476;2463688;2463524;2463656;2463500 67
TIGR00029 129600;129620;129760;141880;128240 1450356;1450404;1450428;1450472;1450612 0
TIGR00043 386050;391500;415550;412480;384960 4768408;4768448;4768520;4768512;4768524 0
TIGR00054 1363890;1450860;1366870;1381340;1365510 12432140;12432084;12431916;12432072;12431976 0
TIGR00059 213140;221840;213500;225750;214900 2792860;2793036;2792896;2793072;2792992 6
TIGR00061 174940;175490;172080;174020;170750 2348708;2348748;2348752;2348800;2348808 0
TIGR00064 783420;769580;771120;773840;775590 8305712;8305640;8305724;8305596;8305896 59
TIGR00065 556840;552610;599760;551250;545820 6326256;6326204;6326352;6326408;6326188 25
TIGR00082 280370;258430;255480;255910;251480 3234508;3234724;3234752;3234760;3234780 0
TIGR00083 530090;531430;526490;563330;572240 6147900;6147816;6147896;6147812;6147856 0
TIGR00084 164500;161510;163050;163190;162260 1779168;1778916;1778924;1778932;1779008 6
TIGR00086 158670;156720;172570;160090;158800 2092908;2092912;2093068;2093024;2092984 7
TIGR00088 414570;421420;417690;414250;415200 5067116;5067160;5067136;5067164;5067148 7
TIGR00090 281640;282770;282290;293770;272380 3601652;3601684;3601652;3601664;3601612 0
TIGR00092 217190;217990;216070;217640;218010 2804372;2804332;2804412;2804416;2804452 9
TIGR00095 281940;282650;283080;281820;283370 3660844;3660640;3660620;3660660;3660844 16
TIGR00115 401080;380500;375620;369180;370960 4641872;4641904;4641852;4641892;4641668 0
TIGR00116 169860;181940;169610;169960;181130 2320460;2320424;2320440;2320460;2320440 6
TIGR00138 314430;297840;293170;295050;297340 3826048;3826048;3826128;3826108;3826124 0
TIGR00158 219160;217130;231600;238280;221450 2949688;2949692;2949684;2949680;2949724 0
TIGR00166 220440;204230;220510;201560;203490 2715992;2716012;2716168;2715984;2716108 0
TIGR00168 225820;206460;195530;206710;207630 2531508;2531364;2531512;2531520;2531580 0
TIGR00186 321110;318280;341740;324090;322260 3817996;3818000;3818000;3817732;3817820 15
TIGR00194 1085890;1022770;1054200;1004300;1002940 10432196;10432284;10432296;10432052;10432012 7
TIGR00250 234130;239510;245480;245290;248890 3019492;3019772;3019700;3019520;3019720 0
TIGR00337 359270;360050;361850;360610;362150 4521912;4521896;4521932;4521732;4521860 50
TIGR00344 957060;887760;885150;905790;893430 9386176;9386176;9386108;9386128;9386032 31
TIGR00362 571730;579490;577740;584220;579920 6718464;6718488;6718320;6718400;6718380 19
TIGR00382 171200;173950;171110;169040;185080 2316120;2316164;2316188;2316172;2316140 61
TIGR00392 1686950;1678300;1681350;1680200;1679840 15449936;15449844;15449748;15449940;15449736 18
TIGR00396 1739750;1826740;1719220;1758840;1741940 15727908;15727932;15728048;15727956;15727984 21
TIGR00398 748370;711810;724380;724540;725740 7762256;7762448;7762276;7762240;7762372 6
TIGR00414 310130;315370;318720;321800;315790 3961364;3961288;3961308;3961320;3961300 14
TIGR00416 255230;256990;256150;256880;254850 3309572;3309612;3309444;3309364;3309420 52
TIGR00420 527160;525210;528450;529690;520190 5569804;5569900;5569860;5569904;5569884 7
TIGR00431 541570;543990;553940;545470;545620 6302060;6302048;6301848;6301908;6301924 0
TIGR00435 581150;590520;590970;590890;589250 6682612;6682612;6682648;6682592;6682624 15
TIGR00436 294630;297360;291320;296480;294770 3795956;3795904;3795944;3795948;3795908 0
TIGR00442 579760;582570;577840;585910;583020 6660480;6660456;6660460;6660260;6660292 9
TIGR00445 245380;268220;247250;245360;245130 3232300;3232156;3232256;3232312;3232312 13
TIGR00456 771350;777450;821500;763030;828550 8435292;8435372;8435484;8435536;8435284 0
TIGR00459 429000;433360;429550;424590;433880 5136980;5136936;5136960;5137004;5137056 25
TIGR00460 415720;402860;405460;408300;396510 4746792;4746776;4746852;4746532;4746744 14
TIGR00468 270520;294410;273060;276470;280410 3549200;3549000;3548948;3548892;3548948 0
TIGR00472 702450;739070;715150;725650;705770 7686616;7686564;7686636;7686816;7686868 8
TIGR00487 1381440;1358140;1432130;1445380;1352410 13246460;13246500;13246408;13246444;13246464 30
TIGR00496 58790;59840;59770;59340;59470 917956;917924;917980;917928;917960 0
TIGR00539 488020;498960;490920;491300;482180 5823184;5823112;5823152;5823200;5823284 7
TIGR00580 1190930;1198650;1190090;1190000;1194200 11724888;11724600;11724860;11724896;11724940 64
TIGR00593 1000100;986880;1054860;975470;990280 10129644;10129864;10129884;10129896;10129900 13
TIGR00615 226890;228720;225840;227560;226350 2266260;2266240;2266284;2266284;2266196 0
TIGR00631 741100;739610;684980;739690;722520 7521708;7521604;7521600;7521600;7521712 35
TIGR00634 360990;361300;356120;383130;372210 4497508;4497576;4497464;4497588;4497592 0
TIGR00635 301420;326080;305880;301970;305190 3187764;3187724;3187780;3187784;3187732 22
TIGR00643 1054960;1062120;1035300;1031530;1072730 10597916;10597916;10597928;10597812;10597876 35
TIGR00663 282740;283440;284170;282930;282570 2769432;2769632;2769504;2769472;2769660 0
TIGR00717 528750;527540;520620;520250;525190 6012944;6012668;6012748;6012728;6012968 0
TIGR00755 431260;435770;440320;435430;447540 5353728;5353624;5353628;5353620;5353608 15
TIGR00810 204280;204400;205890;203950;205470 2779504;2779520;2779448;2779444;2779516 0
TIGR00922 277520;264960;266250;263210;264550 2506912;2506864;2506892;2506860;2506908 0
TIGR00928 206850;208220;208470;224660;207580 2816784;2816692;2816876;2816812;2816812 12
TIGR00959 224160;221490;222530;222200;222690 2926192;2926104;2926052;2926092;2925940 97
TIGR00963 1378980;1357360;1358120;1434900;1357510 13182032;13181952;13181964;13182228;13182172 119
TIGR00964 229890;233840;248510;231950;234890 3141972;3141940;3142000;3142044;3142048 0
TIGR00967 186160;186920;189760;185560;184890 2492208;2492352;2492272;2492164;2492352 33
TIGR01009 206380;207310;224800;223490;206440 2770656;2770716;2770848;2770740;2770712 0
TIGR01011 418770;414850;425750;430690;427300 5084136;5084152;5084028;5084188;5084140 0
TIGR01017 66580;67180;72410;66670;68040 1020428;1020444;1020500;1020544;1020428 6
TIGR01021 179650;192740;194460;179700;183160 2447884;2447792;2447860;2447848;2447824 36
TIGR01029 34380;34630;34350;34860;34650 585704;585704;585700;585640;585708 8
TIGR01032 93580;95950;95790;94190;91550 1247704;1247744;1247652;1247716;1247664 6
TIGR01039 165410;167500;164730;164780;175860 2223264;2223264;2223276;2223188;2223260 74
TIGR01044 126530;127170;134630;127280;125940 1788724;1788728;1788748;1788744;1788716 8
TIGR01059 495040;500980;491310;517080;497580 5762444;5762444;5762452;5762504;5762484 142
TIGR01063 666240;631530;641390;637690;633050 7079580;7079564;7079532;7079468;7079412 79
TIGR01066 127760;129510;128460;127490;127370 1783896;1783768;1783792;1783764;1783980 0
TIGR01071 137770;136530;149660;136590;134690 1913788;1913652;1913616;1913596;1913580 0
TIGR01079 80030;79880;80330;79570;79050 1188208;1188392;1188364;1188404;1188280 0
TIGR01082 804520;800730;786980;804890;797680 8554976;8555020;8554712;8554792;8555068 6
TIGR01087 899870;895040;895500;920980;906890 9490088;9490380;9490392;9490336;9490312 7
TIGR01128 404030;402890;404800;400950;404570 5026948;5026912;5026968;5027188;5027216 0
TIGR01146 165960;157190;154590;155650;154560 2181620;2181676;2181676;2181636;2181596 0
TIGR01164 49710;46460;46520;46550;46570 729216;729068;729008;728996;729040 0
TIGR01169 143470;145110;145070;145070;143940 1657624;1657588;1657628;1657588;1657644 6
TIGR01171 66990;67130;66930;66010;71810 1007860;1007864;1007860;1007896;1007908 13
TIGR01302 188240;174980;176840;187230;174930 2405508;2405492;2405512;2405444;2405456 48
TIGR01391 948440;957950;952920;953620;951120 10024700;10024652;10024684;10024952;10024648 6
TIGR01393 384950;372340;374680;376720;378840 4638812;4638712;4638572;4638760;4638536 52
TIGR01394 211470;210380;208890;206740;210450 2779676;2779508;2779680;2779584;2779500 54
TIGR01510 237930;223950;222440;226360;226590 2518640;2518796;2518740;2518844;2518760 0
TIGR01632 33040;33670;37080;32930;36410 557976;557984;558080;557912;557920 23
TIGR01951 477730;477690;475980;477380;474770 5717644;5717452;5717404;5717640;5717684 0
TIGR01953 457490;490580;468210;490450;465690 5562008;5562036;5561744;5561884;5561756 8
TIGR02012 325610;352760;326500;328870;315290 3983240;3983232;3983240;3983400;3983392 12
TIGR02013 1522910;1537770;1516280;1563730;1580610 14181440;14181484;14181380;14181220;14181480 100
TIGR02027 182550;181910;193930;182110;182730 2491068;2491048;2491056;2491056;2491068 16
TIGR02075 126600;127150;136870;124000;126280 1774168;1774188;1774236;1774204;1774356 26
TIGR02191 355750;359940;364340;359870;365330 4495832;4495512;4495488;4495560;4495576 14
TIGR02273 177160;188260;174690;177280;189150 2407756;2407756;2407760;2407760;2407740 0
TIGR02350 152230;151800;154050;163230;152370 2060564;2060600;2060596;2060524;2060548 88
TIGR02386 1661920;1678130;1696880;1671680;1677070 15392700;15392668;15392708;15392684;15392672 127
TIGR02397 1475680;1495040;1480020;1457630;1519420 13929848;13929792;13929636;13929792;13929480 14
TIGR02432 1145600;1092260;1085560;1085840;1071210 10241260;10241208;10241392;10241384;10241256 0
TIGR02729 460660;432720;436180;439300;430680 5332724;5332700;5332664;5332828;5332736 20
TIGR03263 213640;218830;235820;216590;221890 2885236;2885216;2885416;2885180;2885184 0
TIGR03594 544520;558260;544080;548990;537450 6228336;6228336;6228352;6228636;6228632 0
TIGR03625 220990;213910;214700;218620;217830 2367836;2367936;2367860;2367880;2367896 0
TIGR03632 72550;73490;72410;72440;72280 1090084;1090088;1090080;1090128;1090112 23
TIGR03654 64400;60260;61240;60030;61050 894344;894312;894360;894340;894356 19
TIGR03723 522140;526960;525910;514340;512410 6207572;6207672;6207544;6207596;6207656 34
TIGR03725 518310;515530;532730;527020;513840 6080308;6080208;6080200;6080412;6080212 0
TIGR03953 167600;165020;167490;166740;165320 2283544;2283496;2283520;2283464;2283596 0
