Overall	0.9777	0.9563	0.9407	0.9977
Alphaproteobacteria_ssu_2000	0.9831	0.9454	0.9578	0.9982
Chytridiomycota_ssu_200	0.9914	0.9801	0.9181	0.9989
Embryophyta_lsu_200	0.9903	0.9773	0.9343	0.9995
Euryarchaeota_lsu_126	0.9735	0.8760	0.9210	0.9937
Fusobacteriia_lsu_93	0.9903	0.8552	0.9685	0.9971
Gemmatales_ssu_500	0.9493	0.8837	0.9032	0.9870
Gemmatimonadota_ssu_200	0.9752	0.9327	0.9082	0.9944
Halobacteria_lsu_180	0.9942	0.9883	0.9727	0.9997
Halobacterota_lsu_296	0.9857	0.9718	0.9626	0.9994
Kinetoplastea_ssu_500	0.9237	0.8582	0.9132	0.9885
Methanosarcinia_lsu_61	0.9863	0.8823	0.9688	0.9924
Platyhelminthes_ssu_1993	0.9805	0.9340	0.9356	0.9992
Protalveolata_ssu_2000	0.9450	0.8957	0.9101	0.9935
Spirochaetota_lsu_200	0.9722	0.9421	0.9421	0.9987